%YAML:1.0
---
cam_name: "right"
rgb_intrinsics: !!opencv-matrix
   rows: 3
   cols: 3
   dt: f
   data: [  568.884029831025, 0., 317.884850182643, 0., 530.227298739185, 232.880538722737, 0., 0., 1. ]
rgb_distortion: !!opencv-matrix
   rows: 1
   cols: 5
   dt: f
   data: [ 0., 0., 0., 0., 0. ]
depth_intrinsics: !!opencv-matrix
   rows: 3
   cols: 3
   dt: f
   data: [ 639.853984957546, 0., 328.919727124619, 0., 596.256353766344, 248.105529186003, 0., 0., 1. ]
depth_distortion: !!opencv-matrix
   rows: 1
   cols: 5
   dt: f
   data: [ 0., 0., 0., 0., 0. ]
depth_to_color_Rot: !!opencv-matrix
   rows: 3
   cols: 3
   dt: f
   data: [ 0.999931763111395,  0.00132767887552555,   0.0116063081874165, -0.00143418843854969, 0.999956895289195, 0.00917336727253731, -0.0115936286149134, -0.00918938694351323, 0.999890565483614]
depth_to_color_tvec: !!opencv-matrix
   rows: 3
   cols: 1
   dt: f
   data: [ -22.5556590975636, 1.71108577316704, -4.26310979072835 ]
