%YAML:1.0
---
cam_name: "front"
rgb_intrinsic: !!opencv-matrix
   rows: 3
   cols: 3
   dt: f
   data: [ 564.265163170474, 0., 319.162925116864, 0., 524.237434801496, 237.093336577848, 0., 0., 1. ]
rgb_distortion: !!opencv-matrix
   rows: 1
   cols: 5
   dt: f
   data: [ 0., 0., 0., 0., 0. ]
depth_intrinsic: !!opencv-matrix
   rows: 3
   cols: 3
   dt: f
   data: [ 632.469591283132, 0., 331.961077788564, 0., 590.077903928773, 249.024251510319, 0., 0., 1. ]
depth_distortion: !!opencv-matrix
   rows: 1
   cols: 5
   dt: f
   data: [ 0., 0., 0., 0., 0. ]
depth_to_color_Rot: !!opencv-matrix
   rows: 3
   cols: 3
   dt: f
   data: [0.999984083248394, 0.00478286015586062, 0.00299290805037822, -0.00477925328618189, 0.999987845874116, -0.00121113255760172, -0.00299866435185024, 0.00119680941467060, 0.999994787816082]
depth_to_color_tvec: !!opencv-matrix
   rows: 3
   cols: 1
   dt: f
   data: [ -21.5551099118730, -0.362207617519365, -7.06802774140707 ]
