%YAML:1.0
---
cam_name: "left"
rgb_intrinsics: !!opencv-matrix
   rows: 3
   cols: 3
   dt: f
   data: [ 506.066, 0., 311.932, 0., 505.264, 246.017, 0., 0., 1. ]
rgb_distortion: !!opencv-matrix
   rows: 1
   cols: 5
   dt: f
   data: [ 0., 0., 0., 0., 0. ]
depth_intrinsics: !!opencv-matrix
   rows: 3
   cols: 3
   dt: f
   data: [ 596.188, 0., 309.796, 0., 596.686, 263.009, 0., 0., 1. ]
depth_distortion: !!opencv-matrix
   rows: 1
   cols: 5
   dt: f
   data: [ 0., 0., 0., 0., 0. ]
depth_to_color_Rot: !!opencv-matrix
   rows: 3
   cols: 3
   dt: f
   data: [ 0.999601, 0.00216545, -0.028151, -0.00140228, 0.999632, 0.0271014, 0.0281993, -0.0270511, 0.999236 ]
depth_to_color_tvec: !!opencv-matrix
   rows: 3
   cols: 1
   dt: f
   data: [ -20.4791, 0.772522, -24.6213  ]
