%YAML:1.0
---
camera_position: right
rgb_width: 640
rgb_height: 480
rgb_intrinsic: !!opencv-matrix
   rows: 3
   cols: 3
   dt: d
   data: [  568.884029831025, 0., 317.884850182643, 0., 530.227298739185, 232.880538722737, 0., 0., 1. ]
rgb_distortion: !!opencv-matrix
   rows: 1
   cols: 5
   dt: d
   data: [ 0., 0., 0., 0., 0. ]
depth_width: 640
depth_height: 480
depth_intrinsic: !!opencv-matrix
   rows: 3
   cols: 3
   dt: d
   data: [ 639.853984957546, 0., 328.919727124619, 0., 596.256353766344, 248.105529186003, 0., 0., 1. ]
depth_distortion: !!opencv-matrix
   rows: 1
   cols: 5
   dt: d
   data: [ 0., 0., 0., 0., 0. ]
depth_to_color_RT: !!opencv-matrix
   rows: 4
   cols: 4
   dt: d
   data: [ 0.999931763111395,  0.00132767887552555,   0.0116063081874165, -22.5556590975636, -0.00143418843854969, 0.999956895289195, 0.00917336727253731, 1.71108577316704, -0.0115936286149134, -0.00918938694351323, 0.999890565483614, -4.26310979072835, 0., 0., 0., 1. ]
depth_multiplicative_correction_factor: 1.
depth_additive_correction_factor: 0.
cam_to_cam_RT: !!opencv-matrix
   rows: 4
   cols: 4
   dt: d
   data: [ 3.9873567223548889e-01, -5.4866188764572144e-01,
       -7.3483335971832275e-01, -1.6379313170909882e-01,
       4.7947293519973755e-01, 8.0777001380920410e-01,
       -3.4294784069061279e-01, -3.0933441594243050e-02,
       7.8173869848251343e-01, -2.1558710932731628e-01,
       5.8515530824661255e-01, -1.8854425847530365e-01, 0., 0., 0., 1. ]
cam_to_ground_RT: !!opencv-matrix
   rows: 4
   cols: 4
   dt: d
   data: [ -9.9277316584804820e-01, -1.2000600473327912e-01, 0., 0.,
       1.0155114961858139e-01, -8.4010176429438299e-01,
       5.3283805198259793e-01, -7.9957862637949673e-01,
       -6.3943765788294860e-02, 5.2898731975107049e-01,
       8.4621723591486264e-01, 0., 0., 0., 0., 1. ]
cam_to_robot_RT: !!opencv-matrix
   rows: 4
   cols: 4
   dt: d
   data: [ 8.0901699437494745e-01, 0., -5.8778525229247314e-01,
       -1.2000000000000000e-01, 0., 1., 0., 0., 5.8778525229247314e-01,
       0., 8.0901699437494745e-01, 0., 0., 0., 0., 1. ]
all_extrinsic_matrix: !!opencv-matrix
   rows: 4
   cols: 4
   dt: d
   data: [ -8.8973177323960095e-01, 1.9769455806467928e-01,
       4.1145360734828829e-01, 1.1179977215166809e-01,
       5.4226132375579827e-02, -8.4919927455406097e-01,
       5.2528092812105420e-01, -8.9068832374364681e-01,
       4.5325128004537885e-01, 4.8967082584207944e-01,
       7.4483951178144714e-01, -3.6081766650047725e-02, 0., 0., 0., 1. ]
