%YAML:1.0
---
camera_postion: "right"
rgb_width: 640
rgb_height: 480
rgb_intrinsic: !!opencv-matrix
   rows: 3
   cols: 3
   dt: f
   data: [ 5.51057007e+02, 0., 3.36782990e+02, 0., 5.13299011e+02,
       2.31686996e+02, 0., 0., 1. ]
rgb_distortion: !!opencv-matrix
   rows: 1
   cols: 5
   dt: f
   data: [ 0., 0., 0., 0., 0. ]
depth_width: 640
depth_height: 480
depth_intrinsic: !!opencv-matrix
   rows: 3
   cols: 3
   dt: f
   data: [ 6.04517029e+02, 0., 3.18165985e+02, 0., 5.63158997e+02,
       2.47600006e+02, 0., 0., 1. ]
depth_distrotion: !!opencv-matrix
   rows: 1
   cols: 5
   dt: f
   data: [ 0., 0., 0., 0., 0. ]
depth_to_color_Rot: !!opencv-matrix
   rows: 3
   cols: 3
   dt: f
   data: [ 9.99922991e-01, 2.62092007e-03, -1.21159004e-02,
       -2.73353001e-03, 9.99952972e-01, -9.28695966e-03, 1.20909996e-02,
       9.31936037e-03, 9.99882996e-01 ]
depth_to_color_tvec: !!opencv-matrix
   rows: 3
   cols: 1
   dt: f
   data: [ -2.12737007e+01, 2.45078993e+00, 9.73104000e+00 ]
depth_multiplicative_correction_factor: 0.
depth_additive_correction_factor: 0.
cam_to_cam_Rot: !!opencv-matrix
   rows: 3
   cols: 3
   dt: d
   data: [ 8.2340234518051147e-01, -4.9346911907196045e-01,
       2.8017297387123108e-01, 4.0430137515068054e-01,
       8.5661399364471436e-01, 3.2055109739303589e-01,
       -3.9818200469017029e-01, -1.5066811442375183e-01,
       9.0484833717346191e-01 ]
cam_to_cam_tvec: !!opencv-matrix
   rows: 3
   cols: 1
   dt: d
   data: [ 1.3286033272743225e-01, 5.8151081204414368e-02,
       -7.2851255536079407e-02 ]
cam_to_ground_Rot: !!opencv-matrix
   rows: 0
   cols: 0
   dt: u
   data: []
cam_to_ground_tvec: !!opencv-matrix
   rows: 0
   cols: 0
   dt: u
   data: []
