%YAML:1.0
---
camera_postion: ""
rgb_width: 640
rgb_height: 480
rgb_intrinsic: !!opencv-matrix
   rows: 3
   cols: 3
   dt: f
   data: [ 5.12731140e+02, 0., 3.15014252e+02, 0., 5.12878296e+02,
       2.37517044e+02, 0., 0., 1. ]
rgb_distortion: !!opencv-matrix
   rows: 1
   cols: 5
   dt: f
   data: [ 4.11488004e-02, -2.69338906e-01, 2.99260378e-01,
       -2.95663555e-03, 3.27741960e-04 ]
depth_width: 640
depth_height: 480
depth_intrinsic: !!opencv-matrix
   rows: 3
   cols: 3
   dt: f
   data: [ 5.79050171e+02, 0., 3.18435242e+02, 0., 5.78898010e+02,
       2.53631226e+02, 0., 0., 1. ]
depth_distortion: !!opencv-matrix
   rows: 1
   cols: 5
   dt: f
   data: [ -1.09977052e-01, 4.30216819e-01, -5.31974316e-01,
       -1.20749185e-03, -2.43343459e-03 ]
depth_to_color_Rot: !!opencv-matrix
   rows: 3
   cols: 3
   dt: f
   data: [ 9.99980986e-01, 4.50156024e-03, 4.21797764e-03,
       -4.50429088e-03, 9.99989629e-01, 6.38122205e-04, -4.21506166e-03,
       -6.57109078e-04, 9.99990880e-01 ]
depth_to_color_tvec: !!opencv-matrix
   rows: 3
   cols: 1
   dt: f
   data: [ -2.51460114e+01, 3.46848071e-02, 2.31960416e-01 ]
depth_multiplicative_correction_factor: 1.0895967483520508e+00
depth_additive_correction_factor: -1.1410716921091080e-01
cam_to_cam_Rot: !!opencv-matrix
   rows: 3
   cols: 3
   dt: d
   data: [ 1., 0., 0., 0., 1., 0., 0., 0., 1. ]
cam_to_cam_tvec: !!opencv-matrix
   rows: 3
   cols: 1
   dt: d
   data: [ 0., 0., 0. ]
cam_to_ground_Rot: !!opencv-matrix
   rows: 3
   cols: 3
   dt: d
   data: [ 0.9981358838618777, -0.06103079015766192, 0.0, 0.03303649104131941, 0.5402995291399257, 0.8408240060029516, -0.0513161534698908, -0.8392566124040406, 0.5413085912205242 ]
cam_to_ground_tvec: !!opencv-matrix
   rows: 3
   cols: 1
   dt: u
   data: [0.0, -1.163413005408727, 0.0]