%YAML:1.0
---
camera_postion: ""
rgb_width: 640
rgb_height: 480
rgb_intrinsic: !!opencv-matrix
   rows: 3
   cols: 3
   dt: f
   data: [ 5.52325989e+02, 0., 3.21791992e+02, 0., 5.14142029e+02,
       2.44630997e+02, 0., 0., 1. ]
rgb_distortion: !!opencv-matrix
   rows: 1
   cols: 5
   dt: f
   data: [ 0., 0., 0., 0., 0. ]
depth_width: 640
depth_height: 480
depth_intrinsic: !!opencv-matrix
   rows: 3
   cols: 3
   dt: f
   data: [ 6.21033997e+02, 0., 3.12941010e+02, 0., 5.78786987e+02,
       2.39106003e+02, 0., 0., 1. ]
depth_distortion: !!opencv-matrix
   rows: 1
   cols: 5
   dt: f
   data: [ 0., 0., 0., 0., 0. ]
depth_to_color_Rot: !!opencv-matrix
   rows: 3
   cols: 3
   dt: f
   data: [ 9.99974012e-01, 5.70015982e-03, -4.43938980e-03,
       -5.78137999e-03, 9.99812007e-01, -1.85023993e-02, 4.33309004e-03,
       1.85275003e-02, 9.99818981e-01 ]
depth_to_color_tvec: !!opencv-matrix
   rows: 3
   cols: 1
   dt: f
   data: [ -2.84731998e+01, 4.71119022e+00, 3.05702996e+00 ]
depth_multiplicative_correction_factor: 0.
depth_additive_correction_factor: 0.
cam_to_cam_Rot: !!opencv-matrix
   rows: 3
   cols: 3
   dt: d
   data: [ 1., 0., 0., 0., 1., 0., 0., 0., 1. ]
cam_to_cam_tvec: !!opencv-matrix
   rows: 3
   cols: 1
   dt: d
   data: [ 0., 0., 0. ]
cam_to_ground_Rot: !!opencv-matrix
   rows: 3
   cols: 3
   dt: d
   data: [ 9.9804353911843668e-01, -6.2522748051775781e-02, 0.,
       4.2055091266289132e-02, 6.7132065421369380e-01,
       7.3997293769750949e-01, -4.6265141548793756e-02,
       -7.3852520959148882e-01, 6.7263664149027580e-01 ]
cam_to_ground_tvec: !!opencv-matrix
   rows: 3
   cols: 1
   dt: d
   data: [ 0., -1.0994701492550418e+00, 0. ]
