%YAML:1.0
---
camera_postion: ""
rgb_width: 640
rgb_height: 480
rgb_intrinsic: !!opencv-matrix
   rows: 3
   cols: 3
   dt: f
   data: [ 5.06834991e+02, 0., 2.93868988e+02, 0., 5.08648987e+02,
       2.53018005e+02, 0., 0., 1. ]
rgb_distortion: !!opencv-matrix
   rows: 1
   cols: 5
   dt: f
   data: [ 0., 0., 0., 0., 0. ]
depth_width: 640
depth_height: 480
depth_intrinsic: !!opencv-matrix
   rows: 3
   cols: 3
   dt: f
   data: [ 5.65822021e+02, 0., 3.05447998e+02, 0., 5.65617004e+02,
       2.59221008e+02, 0., 0., 1. ]
depth_distortion: !!opencv-matrix
   rows: 1
   cols: 5
   dt: f
   data: [ 0., 0., 0., 0., 0. ]
depth_to_color_Rot: !!opencv-matrix
   rows: 3
   cols: 3
   dt: f
   data: [ 9.99975026e-01, 4.77528991e-03, 5.14684012e-03,
       -4.82149981e-03, 9.99948025e-01, 9.00319964e-03, -5.10358019e-03,
       -9.02779028e-03, 9.99945998e-01 ]
depth_to_color_tvec: !!opencv-matrix
   rows: 3
   cols: 1
   dt: f
   data: [ -2.28327007e+01, -3.58388990e-01, -2.92742991e+00 ]
depth_multiplicative_correction_factor: 0.
depth_additive_correction_factor: 0.
cam_to_cam_Rot: !!opencv-matrix
   rows: 3
   cols: 3
   dt: d
   data: [ 8.2037222385406494e-01, 4.8274192214012146e-01,
       -3.0651235580444336e-01, -3.9427590370178223e-01,
       8.6575305461883545e-01, 3.0824998021125793e-01,
       4.1416910290718079e-01, -1.3202928006649017e-01,
       9.0057343244552612e-01 ]
cam_to_cam_tvec: !!opencv-matrix
   rows: 3
   cols: 1
   dt: d
   data: [ -1.5179361402988434e-01, 5.1193788647651672e-02,
       -5.6712750345468521e-02 ]
cam_to_ground_Rot: !!opencv-matrix
   rows: 3
   cols: 3
   dt: d
   data: [ 9.9804353911843668e-01, -6.2522748051775781e-02, 0.,
       4.2055091266289132e-02, 6.7132065421369380e-01,
       7.3997293769750949e-01, -4.6265141548793756e-02,
       -7.3852520959148882e-01, 6.7263664149027580e-01 ]
cam_to_ground_tvec: !!opencv-matrix
   rows: 3
   cols: 1
   dt: d
   data: [ 0., -1.0994701492550418e+00, 0. ]
