%YAML:1.0
---
camera_postion: ""
rgb_width: 640
rgb_height: 480
rgb_intrinsic: !!opencv-matrix
   rows: 3
   cols: 3
   dt: f
   data: [ 5.25562988e+02, 0., 3.27871613e+02, 0., 5.25745667e+02,
       2.46562180e+02, 0., 0., 1. ]
rgb_distortion: !!opencv-matrix
   rows: 1
   cols: 5
   dt: f
   data: [ 7.01273233e-02, -3.36458713e-01, 3.24988693e-01,
       4.23598656e-04, -4.85115044e-04 ]
depth_width: 640
depth_height: 480
depth_intrinsic: !!opencv-matrix
   rows: 3
   cols: 3
   dt: f
   data: [ 5.90442932e+02, 0., 3.29238190e+02, 0., 5.90765869e+02,
       2.57698578e+02, 0., 0., 1. ]
depth_distortion: !!opencv-matrix
   rows: 1
   cols: 5
   dt: f
   data: [ -8.53257552e-02, 2.98539668e-01, -3.19042861e-01,
       2.41463841e-03, 3.98058153e-04 ]
depth_to_color_Rot: !!opencv-matrix
   rows: 3
   cols: 3
   dt: f
   data: [ 9.99980628e-01, 2.09050905e-03, 5.86491777e-03,
       -2.04855180e-03, 9.99972343e-01, -7.15082744e-03, -5.87970437e-03,
       7.13867415e-03, 9.99957204e-01 ]
depth_to_color_tvec: !!opencv-matrix
   rows: 3
   cols: 1
   dt: f
   data: [ -2.46437054e+01, -1.04302160e-01, 9.72194001e-02 ]
depth_multiplicative_correction_factor: 8.8733923435211182e-01
depth_additive_correction_factor: 2.9556217789649963e-01
cam_to_cam_Rot: !!opencv-matrix
   rows: 3
   cols: 3
   dt: d
   data: [ 8.2578438520431519e-01, 5.2743005752563477e-01,
       -1.9974410533905029e-01, -5.1699227094650269e-01,
       8.4944719076156616e-01, 1.0563359409570694e-01,
       2.2538642585277557e-01, 1.6035525128245354e-02,
       9.7413742542266846e-01 ]
cam_to_cam_tvec: !!opencv-matrix
   rows: 3
   cols: 1
   dt: d
   data: [ -2.2231140732765198e-01, 3.3107038587331772e-02,
       -6.6398553550243378e-02 ]
cam_to_ground_Rot: !!opencv-matrix
   rows: 3
   cols: 3
   dt: d
   data: [ 0.9981358838618777, -0.06103079015766192, 0.0, 0.03303649104131941, 0.5402995291399257, 0.8408240060029516, -0.0513161534698908, -0.8392566124040406, 0.5413085912205242 ]
cam_to_ground_tvec: !!opencv-matrix
   rows: 3
   cols: 1
   dt: d
   data: [0.0, -1.163413005408727, 0.0]