%YAML:1.0
---
camera_postion: ""
rgb_width: 640
rgb_height: 480
rgb_intrinsic: !!opencv-matrix
   rows: 3
   cols: 3
   dt: f
   data: [ 5.15211060e+02, 0., 3.20098755e+02, 0., 5.15901306e+02,
       2.36960419e+02, 0., 0., 1. ]
rgb_distortion: !!opencv-matrix
   rows: 1
   cols: 5
   dt: f
   data: [ 4.59352806e-02, -2.79823184e-01, 3.14305365e-01,
       -1.46355899e-03, -6.22882682e-04 ]
depth_width: 640
depth_height: 480
depth_intrinsic: !!opencv-matrix
   rows: 3
   cols: 3
   dt: f
   data: [ 5.78000977e+02, 0., 3.22895752e+02, 0., 5.78577576e+02,
       2.50727081e+02, 0., 0., 1. ]
depth_distortion: !!opencv-matrix
   rows: 1
   cols: 5
   dt: f
   data: [ -9.91389081e-02, 3.30562025e-01, -3.48179877e-01,
       -8.36786407e-04, -1.57152792e-03 ]
depth_to_color_Rot: !!opencv-matrix
   rows: 3
   cols: 3
   dt: f
   data: [ 9.99998689e-01, 3.83284903e-04, -1.55632000e-03,
       -3.81567428e-04, 9.99999344e-01, 1.10369571e-03, 1.55674201e-03,
       -1.10310048e-03, 9.99998152e-01 ]
depth_to_color_tvec: !!opencv-matrix
   rows: 3
   cols: 1
   dt: f
   data: [ -2.48295441e+01, 1.40804037e-01, 8.75366405e-02 ]
depth_multiplicative_correction_factor: 9.1411894559860229e-01
depth_additive_correction_factor: 2.3100154101848602e-01
cam_to_cam_Rot: !!opencv-matrix
   rows: 3
   cols: 3
   dt: d
   data: [ 8.2050198316574097e-01, -5.0144654512405396e-01,
       2.7445924282073975e-01, 5.0079560279846191e-01,
       8.6205589771270752e-01, 7.7866561710834503e-02,
       -2.7564513683319092e-01, 7.3558293282985687e-02,
       9.5844089984893799e-01 ]
cam_to_cam_tvec: !!opencv-matrix
   rows: 3
   cols: 1
   dt: d
   data: [ 1.6660092771053314e-01, 4.7061521559953690e-02,
       -7.9255953431129456e-02 ]
cam_to_ground_Rot: !!opencv-matrix
   rows: 3
   cols: 3
   dt: d
   data: [ 0.9981358838618777, -0.06103079015766192, 0.0, 0.03303649104131941, 0.5402995291399257, 0.8408240060029516, -0.0513161534698908, -0.8392566124040406, 0.5413085912205242 ]
cam_to_ground_tvec: !!opencv-matrix
   rows: 3
   cols: 1
   dt: u
   data: [0.0, -1.163413005408727, 0.0]