%YAML:1.0
---
camera_position: "right"
rgb_height: 480
rgb_width: 640
rgb_intrinsic: !!opencv-matrix
   rows: 3
   cols: 3
   dt: f
   data: [ 515.211053892469, 0., 320.098769213213, 0., 515.901317028037, 236.960423514306, 0., 0., 1. ]
rgb_distortion: !!opencv-matrix
   rows: 1
   cols: 5
   dt: f
   data: [ 0.0459352804220105, -0.279823175857028, 0.314305353628440, -0.00146355903696819, -0.000622882665091331 ]
depth_height: 480
depth_width: 640
depth_intrinsic: !!opencv-matrix
   rows: 3
   cols: 3
   dt: f
   data: [ 578.000946780919, 0., 322.895750377471, 0., 578.577575112980, 250.727087950091, 0., 0., 1. ]
depth_distortion: !!opencv-matrix
   rows: 1
   cols: 5
   dt: f
   data: [ -0.0991389046631691, 0.330562014550422, -0.348179872182204, -0.000836786402701665, -0.00157152793228368 ]
depth_to_color_Rot: !!opencv-matrix
   rows: 3
   cols: 3
   dt: f
   data: [ 0.999998715479492, 0.000383284898391255, -0.00155632003564813, -0.000381567423336880, 0.999999318130745, 0.00110369576697357, 0.00155674200436123, -0.00110310050822784, 0.999998179860144 ]
depth_to_color_tvec: !!opencv-matrix
   rows: 3
   cols: 1
   dt: f
   data: [ -24.8295447938736, 0.140804031069761, 0.0875366402378175 ]
depth_multiplicative_correction_factor: 1.0
depth_additive_correction_factor: 0.0
cam_to_cam_Rot: !!opencv-matrix
   rows: 3
   cols: 3
   dt: f
   data: [1., 0., 0., 0., 1., 0., 0., 0., 1.]
cam_to_cam_tvec: !!opencv-matrix
   rows: 3
   cols: 1
   dt: f
   data: [ 0., 0., 0. ]
