%YAML:1.0
---
camera_postion: ""
rgb_width: 640
rgb_height: 480
rgb_intrinsic: !!opencv-matrix
   rows: 3
   cols: 3
   dt: f
   data: [ 5.51057007e+02, 0., 3.36782990e+02, 0., 5.13299011e+02,
       2.31686996e+02, 0., 0., 1. ]
rgb_distortion: !!opencv-matrix
   rows: 1
   cols: 5
   dt: f
   data: [ 0., 0., 0., 0., 0. ]
depth_width: 640
depth_height: 480
depth_intrinsic: !!opencv-matrix
   rows: 3
   cols: 3
   dt: f
   data: [ 6.04517029e+02, 0., 3.18165985e+02, 0., 5.63158997e+02,
       2.47600006e+02, 0., 0., 1. ]
depth_distortion: !!opencv-matrix
   rows: 1
   cols: 5
   dt: f
   data: [ 0., 0., 0., 0., 0. ]
depth_to_color_Rot: !!opencv-matrix
   rows: 3
   cols: 3
   dt: f
   data: [ 9.99922991e-01, 2.62092007e-03, -1.21159004e-02,
       -2.73353001e-03, 9.99952972e-01, -9.28695966e-03, 1.20909996e-02,
       9.31936037e-03, 9.99882996e-01 ]
depth_to_color_tvec: !!opencv-matrix
   rows: 3
   cols: 1
   dt: f
   data: [ -2.12737007e+01, 2.45078993e+00, 9.73104000e+00 ]
depth_multiplicative_correction_factor: 0.
depth_additive_correction_factor: 0.
cam_to_cam_Rot: !!opencv-matrix
   rows: 3
   cols: 3
   dt: d
   data: [ 8.1176304817199707e-01, -5.1727396249771118e-01,
       2.7104979753494263e-01, 4.2800340056419373e-01,
       8.4274631738662720e-01, 3.2648357748985291e-01,
       -3.9730778336524963e-01, -1.4901715517044067e-01,
       9.0550553798675537e-01 ]
cam_to_cam_tvec: !!opencv-matrix
   rows: 3
   cols: 1
   dt: d
   data: [ 1.3887916505336761e-01, 5.7457488030195236e-02,
       -6.0175530612468719e-02 ]
cam_to_ground_Rot: !!opencv-matrix
   rows: 3
   cols: 3
   dt: d
   data: [ 9.9804353911843668e-01, -6.2522748051775781e-02, 0.,
       4.2055091266289132e-02, 6.7132065421369380e-01,
       7.3997293769750949e-01, -4.6265141548793756e-02,
       -7.3852520959148882e-01, 6.7263664149027580e-01 ]
cam_to_ground_tvec: !!opencv-matrix
   rows: 3
   cols: 1
   dt: d
   data: [ 0., -1.0994701492550418e+00, 0. ]
