%YAML:1.0
---
cam_name: "left"
rgb_intrinsics: !!opencv-matrix
   rows: 3
   cols: 3
   dt: f
   data: [ 548.712, 0., 324.899, 0., 511.684, 237.574, 0., 0., 1. ]
rgb_distortion: !!opencv-matrix
   rows: 1
   cols: 5
   dt: f
   data: [ 0., 0., 0., 0., 0. ]
depth_intrinsics: !!opencv-matrix
   rows: 3
   cols: 3
   dt: f
   data: [ 612.193, 0., 317.912, 0., 570.519, 250.816, 0., 0., 1. ]
depth_distortion: !!opencv-matrix
   rows: 1
   cols: 5
   dt: f
   data: [ 0., 0., 0., 0., 0. ]
depth_to_color_Rot: !!opencv-matrix
   rows: 3
   cols: 3
   dt: f
   data: [  0.999997, -0.000101388,   0.00252126,  0.000107021,  0.999997,  -0.00223406, -0.00252102, 0.00223432,  0.999994]
depth_to_color_tvec: !!opencv-matrix
   rows: 3
   cols: 1
   dt: f
   data: [ -24.0655, -1.69497, 3.31236 ]
