%YAML:1.0
---
cam_name: "right"
rgb_intrinsics: !!opencv-matrix
   rows: 3
   cols: 3
   dt: f
   data: [ 574.409, 0., 324.104, 0., 535.945, 228.069, 0., 0., 1. ]
rgb_distortion: !!opencv-matrix
   rows: 1
   cols: 5
   dt: f
   data: [ 0., 0., 0., 0., 0. ]
depth_intrinsics: !!opencv-matrix
   rows: 3
   cols: 3
   dt: f
   data: [ 642.012, 0., 331.952, 0., 598.769, 239.414, 0., 0., 1. ]
depth_distortion: !!opencv-matrix
   rows: 1
   cols: 5
   dt: f
   data: [ 0., 0., 0., 0., 0. ]
depth_to_color_Rot: !!opencv-matrix
   rows: 3
   cols: 3
   dt: f
   data: [  0.999968,  0.00209285,  0.00766018, -0.00213879, 0.99998, 0.0059939, -0.00764748, -0.00601009, 0.999953]
depth_to_color_tvec: !!opencv-matrix
   rows: 3
   cols: 1
   dt: f
   data: [ -24.6887, -0.0219058, -0.646738 ]
